/*--------------------------------*- C++ -*----------------------------------*\
| =========                 |                                                 |
| \\      /  F ield         | OpenFOAM: The Open Source CFD Toolbox           |
|  \\    /   O peration     | Version:  v2012                                 |
|   \\  /    A nd           | Website:  www.openfoam.com                      |
|    \\/     M anipulation  |                                                 |
\*---------------------------------------------------------------------------*/
FoamFile
{
    version     2.0;
    format      ascii;
    class       faceList;
    location    "constant/polyMesh";
    object      faces;
}
// * * * * * * * * * * * * * * * * * * * * * * * * * * * * * * * * * * * * * //


1062
(
4(1 8 57 50)
4(7 56 57 8)
4(2 9 58 51)
4(8 57 58 9)
4(3 10 59 52)
4(9 58 59 10)
4(4 11 60 53)
4(10 59 60 11)
4(5 12 61 54)
4(11 60 61 12)
4(12 61 62 13)
4(8 15 64 57)
4(14 63 64 15)
4(9 16 65 58)
4(15 64 65 16)
4(10 17 66 59)
4(16 65 66 17)
4(11 18 67 60)
4(17 66 67 18)
4(12 19 68 61)
4(18 67 68 19)
4(19 68 69 20)
4(15 22 71 64)
4(21 70 71 22)
4(16 23 72 65)
4(22 71 72 23)
4(17 24 73 66)
4(23 72 73 24)
4(18 25 74 67)
4(24 73 74 25)
4(19 26 75 68)
4(25 74 75 26)
4(26 75 76 27)
4(22 29 78 71)
4(28 77 78 29)
4(23 30 79 72)
4(29 78 79 30)
4(24 31 80 73)
4(30 79 80 31)
4(25 32 81 74)
4(31 80 81 32)
4(26 33 82 75)
4(32 81 82 33)
4(33 82 83 34)
4(29 36 85 78)
4(35 84 85 36)
4(30 37 86 79)
4(36 85 86 37)
4(31 38 87 80)
4(37 86 87 38)
4(32 39 88 81)
4(38 87 88 39)
4(33 40 89 82)
4(39 88 89 40)
4(40 89 90 41)
4(36 43 92 85)
4(42 91 92 43)
4(37 44 93 86)
4(43 92 93 44)
4(38 45 94 87)
4(44 93 94 45)
4(39 46 95 88)
4(45 94 95 46)
4(40 47 96 89)
4(46 95 96 47)
4(47 96 97 48)
4(43 99 169 92)
4(98 168 169 99)
4(44 100 170 93)
4(99 169 170 100)
4(45 101 171 94)
4(100 170 171 101)
4(46 102 172 95)
4(101 171 172 102)
4(47 103 173 96)
4(102 172 173 103)
4(103 173 174 104)
4(48 104 174 97)
4(99 106 176 169)
4(105 175 176 106)
4(100 107 177 170)
4(106 176 177 107)
4(101 108 178 171)
4(107 177 178 108)
4(102 109 179 172)
4(108 178 179 109)
4(103 110 180 173)
4(109 179 180 110)
4(110 180 181 111)
4(104 111 181 174)
4(106 113 183 176)
4(112 182 183 113)
4(107 114 184 177)
4(113 183 184 114)
4(108 115 185 178)
4(114 184 185 115)
4(109 116 186 179)
4(115 185 186 116)
4(110 117 187 180)
4(116 186 187 117)
4(117 187 188 118)
4(111 118 188 181)
4(113 120 190 183)
4(119 189 190 120)
4(114 121 191 184)
4(120 190 191 121)
4(115 122 192 185)
4(121 191 192 122)
4(116 123 193 186)
4(122 192 193 123)
4(117 124 194 187)
4(123 193 194 124)
4(124 194 195 125)
4(118 125 195 188)
4(120 127 197 190)
4(126 196 197 127)
4(121 128 198 191)
4(127 197 198 128)
4(122 129 199 192)
4(128 198 199 129)
4(123 130 200 193)
4(129 199 200 130)
4(124 131 201 194)
4(130 200 201 131)
4(131 201 202 132)
4(125 132 202 195)
4(127 134 204 197)
4(133 203 204 134)
4(128 135 205 198)
4(134 204 205 135)
4(129 136 206 199)
4(135 205 206 136)
4(130 137 207 200)
4(136 206 207 137)
4(131 138 208 201)
4(137 207 208 138)
4(138 208 209 139)
4(132 139 209 202)
4(134 141 211 204)
4(140 210 211 141)
4(135 142 212 205)
4(141 211 212 142)
4(136 143 213 206)
4(142 212 213 143)
4(137 144 214 207)
4(143 213 214 144)
4(138 145 215 208)
4(144 214 215 145)
4(145 215 216 146)
4(139 146 216 209)
4(141 148 218 211)
4(147 217 218 148)
4(142 149 219 212)
4(148 218 219 149)
4(143 150 220 213)
4(149 219 220 150)
4(144 151 221 214)
4(150 220 221 151)
4(145 152 222 215)
4(151 221 222 152)
4(152 222 223 153)
4(146 153 223 216)
4(148 155 225 218)
4(154 224 225 155)
4(149 156 226 219)
4(155 225 226 156)
4(150 157 227 220)
4(156 226 227 157)
4(151 158 228 221)
4(157 227 228 158)
4(152 159 229 222)
4(158 228 229 159)
4(159 229 230 160)
4(153 160 230 223)
4(155 162 232 225)
4(156 163 233 226)
4(157 164 234 227)
4(158 165 235 228)
4(159 166 236 229)
4(160 167 237 230)
4(238 254 430 414)
4(104 174 430 254)
4(239 255 431 415)
4(254 430 431 255)
4(240 256 432 416)
4(255 431 432 256)
4(241 257 433 417)
4(256 432 433 257)
4(242 258 434 418)
4(257 433 434 258)
4(243 259 435 419)
4(258 434 435 259)
4(244 260 436 420)
4(259 435 436 260)
4(245 261 437 421)
4(260 436 437 261)
4(246 262 438 422)
4(261 437 438 262)
4(247 263 439 423)
4(262 438 439 263)
4(248 264 440 424)
4(263 439 440 264)
4(249 265 441 425)
4(264 440 441 265)
4(250 266 442 426)
4(265 441 442 266)
4(251 267 443 427)
4(266 442 443 267)
4(252 268 444 428)
4(267 443 444 268)
4(268 444 445 269)
4(254 270 446 430)
4(111 181 446 270)
4(255 271 447 431)
4(270 446 447 271)
4(256 272 448 432)
4(271 447 448 272)
4(257 273 449 433)
4(272 448 449 273)
4(258 274 450 434)
4(273 449 450 274)
4(259 275 451 435)
4(274 450 451 275)
4(260 276 452 436)
4(275 451 452 276)
4(261 277 453 437)
4(276 452 453 277)
4(262 278 454 438)
4(277 453 454 278)
4(263 279 455 439)
4(278 454 455 279)
4(264 280 456 440)
4(279 455 456 280)
4(265 281 457 441)
4(280 456 457 281)
4(266 282 458 442)
4(281 457 458 282)
4(267 283 459 443)
4(282 458 459 283)
4(268 284 460 444)
4(283 459 460 284)
4(284 460 461 285)
4(270 286 462 446)
4(118 188 462 286)
4(271 287 463 447)
4(286 462 463 287)
4(272 288 464 448)
4(287 463 464 288)
4(273 289 465 449)
4(288 464 465 289)
4(274 290 466 450)
4(289 465 466 290)
4(275 291 467 451)
4(290 466 467 291)
4(276 292 468 452)
4(291 467 468 292)
4(277 293 469 453)
4(292 468 469 293)
4(278 294 470 454)
4(293 469 470 294)
4(279 295 471 455)
4(294 470 471 295)
4(280 296 472 456)
4(295 471 472 296)
4(281 297 473 457)
4(296 472 473 297)
4(282 298 474 458)
4(297 473 474 298)
4(283 299 475 459)
4(298 474 475 299)
4(284 300 476 460)
4(299 475 476 300)
4(300 476 477 301)
4(286 302 478 462)
4(125 195 478 302)
4(287 303 479 463)
4(302 478 479 303)
4(288 304 480 464)
4(303 479 480 304)
4(289 305 481 465)
4(304 480 481 305)
4(290 306 482 466)
4(305 481 482 306)
4(291 307 483 467)
4(306 482 483 307)
4(292 308 484 468)
4(307 483 484 308)
4(293 309 485 469)
4(308 484 485 309)
4(294 310 486 470)
4(309 485 486 310)
4(295 311 487 471)
4(310 486 487 311)
4(296 312 488 472)
4(311 487 488 312)
4(297 313 489 473)
4(312 488 489 313)
4(298 314 490 474)
4(313 489 490 314)
4(299 315 491 475)
4(314 490 491 315)
4(300 316 492 476)
4(315 491 492 316)
4(316 492 493 317)
4(302 318 494 478)
4(132 202 494 318)
4(303 319 495 479)
4(318 494 495 319)
4(304 320 496 480)
4(319 495 496 320)
4(305 321 497 481)
4(320 496 497 321)
4(306 322 498 482)
4(321 497 498 322)
4(307 323 499 483)
4(322 498 499 323)
4(308 324 500 484)
4(323 499 500 324)
4(309 325 501 485)
4(324 500 501 325)
4(310 326 502 486)
4(325 501 502 326)
4(311 327 503 487)
4(326 502 503 327)
4(312 328 504 488)
4(327 503 504 328)
4(313 329 505 489)
4(328 504 505 329)
4(314 330 506 490)
4(329 505 506 330)
4(315 331 507 491)
4(330 506 507 331)
4(316 332 508 492)
4(331 507 508 332)
4(332 508 509 333)
4(318 334 510 494)
4(139 209 510 334)
4(319 335 511 495)
4(334 510 511 335)
4(320 336 512 496)
4(335 511 512 336)
4(321 337 513 497)
4(336 512 513 337)
4(322 338 514 498)
4(337 513 514 338)
4(323 339 515 499)
4(338 514 515 339)
4(324 340 516 500)
4(339 515 516 340)
4(325 341 517 501)
4(340 516 517 341)
4(326 342 518 502)
4(341 517 518 342)
4(327 343 519 503)
4(342 518 519 343)
4(328 344 520 504)
4(343 519 520 344)
4(329 345 521 505)
4(344 520 521 345)
4(330 346 522 506)
4(345 521 522 346)
4(331 347 523 507)
4(346 522 523 347)
4(332 348 524 508)
4(347 523 524 348)
4(348 524 525 349)
4(334 350 526 510)
4(146 216 526 350)
4(335 351 527 511)
4(350 526 527 351)
4(336 352 528 512)
4(351 527 528 352)
4(337 353 529 513)
4(352 528 529 353)
4(338 354 530 514)
4(353 529 530 354)
4(339 355 531 515)
4(354 530 531 355)
4(340 356 532 516)
4(355 531 532 356)
4(341 357 533 517)
4(356 532 533 357)
4(342 358 534 518)
4(357 533 534 358)
4(343 359 535 519)
4(358 534 535 359)
4(344 360 536 520)
4(359 535 536 360)
4(345 361 537 521)
4(360 536 537 361)
4(346 362 538 522)
4(361 537 538 362)
4(347 363 539 523)
4(362 538 539 363)
4(348 364 540 524)
4(363 539 540 364)
4(364 540 541 365)
4(350 366 542 526)
4(153 223 542 366)
4(351 367 543 527)
4(366 542 543 367)
4(352 368 544 528)
4(367 543 544 368)
4(353 369 545 529)
4(368 544 545 369)
4(354 370 546 530)
4(369 545 546 370)
4(355 371 547 531)
4(370 546 547 371)
4(356 372 548 532)
4(371 547 548 372)
4(357 373 549 533)
4(372 548 549 373)
4(358 374 550 534)
4(373 549 550 374)
4(359 375 551 535)
4(374 550 551 375)
4(360 376 552 536)
4(375 551 552 376)
4(361 377 553 537)
4(376 552 553 377)
4(362 378 554 538)
4(377 553 554 378)
4(363 379 555 539)
4(378 554 555 379)
4(364 380 556 540)
4(379 555 556 380)
4(380 556 557 381)
4(366 382 558 542)
4(160 230 558 382)
4(367 383 559 543)
4(382 558 559 383)
4(368 384 560 544)
4(383 559 560 384)
4(369 385 561 545)
4(384 560 561 385)
4(370 386 562 546)
4(385 561 562 386)
4(371 387 563 547)
4(386 562 563 387)
4(372 388 564 548)
4(387 563 564 388)
4(373 389 565 549)
4(388 564 565 389)
4(374 390 566 550)
4(389 565 566 390)
4(375 391 567 551)
4(390 566 567 391)
4(376 392 568 552)
4(391 567 568 392)
4(377 393 569 553)
4(392 568 569 393)
4(378 394 570 554)
4(393 569 570 394)
4(379 395 571 555)
4(394 570 571 395)
4(380 396 572 556)
4(395 571 572 396)
4(396 572 573 397)
4(382 398 574 558)
4(383 399 575 559)
4(384 400 576 560)
4(385 401 577 561)
4(386 402 578 562)
4(387 403 579 563)
4(388 404 580 564)
4(389 405 581 565)
4(390 406 582 566)
4(391 407 583 567)
4(392 408 584 568)
4(393 409 585 569)
4(394 410 586 570)
4(395 411 587 571)
4(396 412 588 572)
4(0 49 56 7)
4(7 56 63 14)
4(14 63 70 21)
4(21 70 77 28)
4(28 77 84 35)
4(35 84 91 42)
4(42 91 168 98)
4(98 168 175 105)
4(105 175 182 112)
4(112 182 189 119)
4(119 189 196 126)
4(126 196 203 133)
4(133 203 210 140)
4(140 210 217 147)
4(147 217 224 154)
4(154 224 231 161)
4(253 269 445 429)
4(269 285 461 445)
4(285 301 477 461)
4(301 317 493 477)
4(317 333 509 493)
4(333 349 525 509)
4(349 365 541 525)
4(365 381 557 541)
4(381 397 573 557)
4(397 413 589 573)
4(0 1 50 49)
4(1 2 51 50)
4(2 3 52 51)
4(3 4 53 52)
4(4 5 54 53)
4(5 6 55 54)
4(161 231 232 162)
4(162 232 233 163)
4(163 233 234 164)
4(164 234 235 165)
4(165 235 236 166)
4(166 236 237 167)
4(167 237 574 398)
4(398 574 575 399)
4(399 575 576 400)
4(400 576 577 401)
4(401 577 578 402)
4(402 578 579 403)
4(403 579 580 404)
4(404 580 581 405)
4(405 581 582 406)
4(406 582 583 407)
4(407 583 584 408)
4(408 584 585 409)
4(409 585 586 410)
4(410 586 587 411)
4(411 587 588 412)
4(412 588 589 413)
4(6 13 62 55)
4(13 20 69 62)
4(20 27 76 69)
4(27 34 83 76)
4(34 41 90 83)
4(41 48 97 90)
4(48 238 414 97)
4(238 239 415 414)
4(239 240 416 415)
4(240 241 417 416)
4(241 242 418 417)
4(242 243 419 418)
4(243 244 420 419)
4(244 245 421 420)
4(245 246 422 421)
4(246 247 423 422)
4(247 248 424 423)
4(248 249 425 424)
4(249 250 426 425)
4(250 251 427 426)
4(251 252 428 427)
4(252 253 429 428)
4(0 7 8 1)
4(7 14 15 8)
4(14 21 22 15)
4(21 28 29 22)
4(28 35 36 29)
4(35 42 43 36)
4(1 8 9 2)
4(8 15 16 9)
4(15 22 23 16)
4(22 29 30 23)
4(29 36 37 30)
4(36 43 44 37)
4(2 9 10 3)
4(9 16 17 10)
4(16 23 24 17)
4(23 30 31 24)
4(30 37 38 31)
4(37 44 45 38)
4(3 10 11 4)
4(10 17 18 11)
4(17 24 25 18)
4(24 31 32 25)
4(31 38 39 32)
4(38 45 46 39)
4(4 11 12 5)
4(11 18 19 12)
4(18 25 26 19)
4(25 32 33 26)
4(32 39 40 33)
4(39 46 47 40)
4(5 12 13 6)
4(12 19 20 13)
4(19 26 27 20)
4(26 33 34 27)
4(33 40 41 34)
4(40 47 48 41)
4(49 50 57 56)
4(56 57 64 63)
4(63 64 71 70)
4(70 71 78 77)
4(77 78 85 84)
4(84 85 92 91)
4(50 51 58 57)
4(57 58 65 64)
4(64 65 72 71)
4(71 72 79 78)
4(78 79 86 85)
4(85 86 93 92)
4(51 52 59 58)
4(58 59 66 65)
4(65 66 73 72)
4(72 73 80 79)
4(79 80 87 86)
4(86 87 94 93)
4(52 53 60 59)
4(59 60 67 66)
4(66 67 74 73)
4(73 74 81 80)
4(80 81 88 87)
4(87 88 95 94)
4(53 54 61 60)
4(60 61 68 67)
4(67 68 75 74)
4(74 75 82 81)
4(81 82 89 88)
4(88 89 96 95)
4(54 55 62 61)
4(61 62 69 68)
4(68 69 76 75)
4(75 76 83 82)
4(82 83 90 89)
4(89 90 97 96)
4(42 98 99 43)
4(98 105 106 99)
4(105 112 113 106)
4(112 119 120 113)
4(119 126 127 120)
4(126 133 134 127)
4(133 140 141 134)
4(140 147 148 141)
4(147 154 155 148)
4(154 161 162 155)
4(43 99 100 44)
4(99 106 107 100)
4(106 113 114 107)
4(113 120 121 114)
4(120 127 128 121)
4(127 134 135 128)
4(134 141 142 135)
4(141 148 149 142)
4(148 155 156 149)
4(155 162 163 156)
4(44 100 101 45)
4(100 107 108 101)
4(107 114 115 108)
4(114 121 122 115)
4(121 128 129 122)
4(128 135 136 129)
4(135 142 143 136)
4(142 149 150 143)
4(149 156 157 150)
4(156 163 164 157)
4(45 101 102 46)
4(101 108 109 102)
4(108 115 116 109)
4(115 122 123 116)
4(122 129 130 123)
4(129 136 137 130)
4(136 143 144 137)
4(143 150 151 144)
4(150 157 158 151)
4(157 164 165 158)
4(46 102 103 47)
4(102 109 110 103)
4(109 116 117 110)
4(116 123 124 117)
4(123 130 131 124)
4(130 137 138 131)
4(137 144 145 138)
4(144 151 152 145)
4(151 158 159 152)
4(158 165 166 159)
4(47 103 104 48)
4(103 110 111 104)
4(110 117 118 111)
4(117 124 125 118)
4(124 131 132 125)
4(131 138 139 132)
4(138 145 146 139)
4(145 152 153 146)
4(152 159 160 153)
4(159 166 167 160)
4(91 92 169 168)
4(168 169 176 175)
4(175 176 183 182)
4(182 183 190 189)
4(189 190 197 196)
4(196 197 204 203)
4(203 204 211 210)
4(210 211 218 217)
4(217 218 225 224)
4(224 225 232 231)
4(92 93 170 169)
4(169 170 177 176)
4(176 177 184 183)
4(183 184 191 190)
4(190 191 198 197)
4(197 198 205 204)
4(204 205 212 211)
4(211 212 219 218)
4(218 219 226 225)
4(225 226 233 232)
4(93 94 171 170)
4(170 171 178 177)
4(177 178 185 184)
4(184 185 192 191)
4(191 192 199 198)
4(198 199 206 205)
4(205 206 213 212)
4(212 213 220 219)
4(219 220 227 226)
4(226 227 234 233)
4(94 95 172 171)
4(171 172 179 178)
4(178 179 186 185)
4(185 186 193 192)
4(192 193 200 199)
4(199 200 207 206)
4(206 207 214 213)
4(213 214 221 220)
4(220 221 228 227)
4(227 228 235 234)
4(95 96 173 172)
4(172 173 180 179)
4(179 180 187 186)
4(186 187 194 193)
4(193 194 201 200)
4(200 201 208 207)
4(207 208 215 214)
4(214 215 222 221)
4(221 222 229 228)
4(228 229 236 235)
4(96 97 174 173)
4(173 174 181 180)
4(180 181 188 187)
4(187 188 195 194)
4(194 195 202 201)
4(201 202 209 208)
4(208 209 216 215)
4(215 216 223 222)
4(222 223 230 229)
4(229 230 237 236)
4(48 104 254 238)
4(104 111 270 254)
4(111 118 286 270)
4(118 125 302 286)
4(125 132 318 302)
4(132 139 334 318)
4(139 146 350 334)
4(146 153 366 350)
4(153 160 382 366)
4(160 167 398 382)
4(238 254 255 239)
4(254 270 271 255)
4(270 286 287 271)
4(286 302 303 287)
4(302 318 319 303)
4(318 334 335 319)
4(334 350 351 335)
4(350 366 367 351)
4(366 382 383 367)
4(382 398 399 383)
4(239 255 256 240)
4(255 271 272 256)
4(271 287 288 272)
4(287 303 304 288)
4(303 319 320 304)
4(319 335 336 320)
4(335 351 352 336)
4(351 367 368 352)
4(367 383 384 368)
4(383 399 400 384)
4(240 256 257 241)
4(256 272 273 257)
4(272 288 289 273)
4(288 304 305 289)
4(304 320 321 305)
4(320 336 337 321)
4(336 352 353 337)
4(352 368 369 353)
4(368 384 385 369)
4(384 400 401 385)
4(241 257 258 242)
4(257 273 274 258)
4(273 289 290 274)
4(289 305 306 290)
4(305 321 322 306)
4(321 337 338 322)
4(337 353 354 338)
4(353 369 370 354)
4(369 385 386 370)
4(385 401 402 386)
4(242 258 259 243)
4(258 274 275 259)
4(274 290 291 275)
4(290 306 307 291)
4(306 322 323 307)
4(322 338 339 323)
4(338 354 355 339)
4(354 370 371 355)
4(370 386 387 371)
4(386 402 403 387)
4(243 259 260 244)
4(259 275 276 260)
4(275 291 292 276)
4(291 307 308 292)
4(307 323 324 308)
4(323 339 340 324)
4(339 355 356 340)
4(355 371 372 356)
4(371 387 388 372)
4(387 403 404 388)
4(244 260 261 245)
4(260 276 277 261)
4(276 292 293 277)
4(292 308 309 293)
4(308 324 325 309)
4(324 340 341 325)
4(340 356 357 341)
4(356 372 373 357)
4(372 388 389 373)
4(388 404 405 389)
4(245 261 262 246)
4(261 277 278 262)
4(277 293 294 278)
4(293 309 310 294)
4(309 325 326 310)
4(325 341 342 326)
4(341 357 358 342)
4(357 373 374 358)
4(373 389 390 374)
4(389 405 406 390)
4(246 262 263 247)
4(262 278 279 263)
4(278 294 295 279)
4(294 310 311 295)
4(310 326 327 311)
4(326 342 343 327)
4(342 358 359 343)
4(358 374 375 359)
4(374 390 391 375)
4(390 406 407 391)
4(247 263 264 248)
4(263 279 280 264)
4(279 295 296 280)
4(295 311 312 296)
4(311 327 328 312)
4(327 343 344 328)
4(343 359 360 344)
4(359 375 376 360)
4(375 391 392 376)
4(391 407 408 392)
4(248 264 265 249)
4(264 280 281 265)
4(280 296 297 281)
4(296 312 313 297)
4(312 328 329 313)
4(328 344 345 329)
4(344 360 361 345)
4(360 376 377 361)
4(376 392 393 377)
4(392 408 409 393)
4(249 265 266 250)
4(265 281 282 266)
4(281 297 298 282)
4(297 313 314 298)
4(313 329 330 314)
4(329 345 346 330)
4(345 361 362 346)
4(361 377 378 362)
4(377 393 394 378)
4(393 409 410 394)
4(250 266 267 251)
4(266 282 283 267)
4(282 298 299 283)
4(298 314 315 299)
4(314 330 331 315)
4(330 346 347 331)
4(346 362 363 347)
4(362 378 379 363)
4(378 394 395 379)
4(394 410 411 395)
4(251 267 268 252)
4(267 283 284 268)
4(283 299 300 284)
4(299 315 316 300)
4(315 331 332 316)
4(331 347 348 332)
4(347 363 364 348)
4(363 379 380 364)
4(379 395 396 380)
4(395 411 412 396)
4(252 268 269 253)
4(268 284 285 269)
4(284 300 301 285)
4(300 316 317 301)
4(316 332 333 317)
4(332 348 349 333)
4(348 364 365 349)
4(364 380 381 365)
4(380 396 397 381)
4(396 412 413 397)
4(97 414 430 174)
4(174 430 446 181)
4(181 446 462 188)
4(188 462 478 195)
4(195 478 494 202)
4(202 494 510 209)
4(209 510 526 216)
4(216 526 542 223)
4(223 542 558 230)
4(230 558 574 237)
4(414 415 431 430)
4(430 431 447 446)
4(446 447 463 462)
4(462 463 479 478)
4(478 479 495 494)
4(494 495 511 510)
4(510 511 527 526)
4(526 527 543 542)
4(542 543 559 558)
4(558 559 575 574)
4(415 416 432 431)
4(431 432 448 447)
4(447 448 464 463)
4(463 464 480 479)
4(479 480 496 495)
4(495 496 512 511)
4(511 512 528 527)
4(527 528 544 543)
4(543 544 560 559)
4(559 560 576 575)
4(416 417 433 432)
4(432 433 449 448)
4(448 449 465 464)
4(464 465 481 480)
4(480 481 497 496)
4(496 497 513 512)
4(512 513 529 528)
4(528 529 545 544)
4(544 545 561 560)
4(560 561 577 576)
4(417 418 434 433)
4(433 434 450 449)
4(449 450 466 465)
4(465 466 482 481)
4(481 482 498 497)
4(497 498 514 513)
4(513 514 530 529)
4(529 530 546 545)
4(545 546 562 561)
4(561 562 578 577)
4(418 419 435 434)
4(434 435 451 450)
4(450 451 467 466)
4(466 467 483 482)
4(482 483 499 498)
4(498 499 515 514)
4(514 515 531 530)
4(530 531 547 546)
4(546 547 563 562)
4(562 563 579 578)
4(419 420 436 435)
4(435 436 452 451)
4(451 452 468 467)
4(467 468 484 483)
4(483 484 500 499)
4(499 500 516 515)
4(515 516 532 531)
4(531 532 548 547)
4(547 548 564 563)
4(563 564 580 579)
4(420 421 437 436)
4(436 437 453 452)
4(452 453 469 468)
4(468 469 485 484)
4(484 485 501 500)
4(500 501 517 516)
4(516 517 533 532)
4(532 533 549 548)
4(548 549 565 564)
4(564 565 581 580)
4(421 422 438 437)
4(437 438 454 453)
4(453 454 470 469)
4(469 470 486 485)
4(485 486 502 501)
4(501 502 518 517)
4(517 518 534 533)
4(533 534 550 549)
4(549 550 566 565)
4(565 566 582 581)
4(422 423 439 438)
4(438 439 455 454)
4(454 455 471 470)
4(470 471 487 486)
4(486 487 503 502)
4(502 503 519 518)
4(518 519 535 534)
4(534 535 551 550)
4(550 551 567 566)
4(566 567 583 582)
4(423 424 440 439)
4(439 440 456 455)
4(455 456 472 471)
4(471 472 488 487)
4(487 488 504 503)
4(503 504 520 519)
4(519 520 536 535)
4(535 536 552 551)
4(551 552 568 567)
4(567 568 584 583)
4(424 425 441 440)
4(440 441 457 456)
4(456 457 473 472)
4(472 473 489 488)
4(488 489 505 504)
4(504 505 521 520)
4(520 521 537 536)
4(536 537 553 552)
4(552 553 569 568)
4(568 569 585 584)
4(425 426 442 441)
4(441 442 458 457)
4(457 458 474 473)
4(473 474 490 489)
4(489 490 506 505)
4(505 506 522 521)
4(521 522 538 537)
4(537 538 554 553)
4(553 554 570 569)
4(569 570 586 585)
4(426 427 443 442)
4(442 443 459 458)
4(458 459 475 474)
4(474 475 491 490)
4(490 491 507 506)
4(506 507 523 522)
4(522 523 539 538)
4(538 539 555 554)
4(554 555 571 570)
4(570 571 587 586)
4(427 428 444 443)
4(443 444 460 459)
4(459 460 476 475)
4(475 476 492 491)
4(491 492 508 507)
4(507 508 524 523)
4(523 524 540 539)
4(539 540 556 555)
4(555 556 572 571)
4(571 572 588 587)
4(428 429 445 444)
4(444 445 461 460)
4(460 461 477 476)
4(476 477 493 492)
4(492 493 509 508)
4(508 509 525 524)
4(524 525 541 540)
4(540 541 557 556)
4(556 557 573 572)
4(572 573 589 588)
)


// ************************************************************************* //
