/*--------------------------------*- C++ -*----------------------------------*\
| =========                 |                                                 |
| \\      /  F ield         | OpenFOAM: The Open Source CFD Toolbox           |
|  \\    /   O peration     | Version:  v2012                                 |
|   \\  /    A nd           | Website:  www.openfoam.com                      |
|    \\/     M anipulation  |                                                 |
\*---------------------------------------------------------------------------*/
FoamFile
{
    version     2.0;
    format      ascii;
    class       labelList;
    note        "nPoints:590  nCells:256  nFaces:1062  nInternalFaces:474";
    location    "constant/polyMesh";
    object      neighbour;
}
// * * * * * * * * * * * * * * * * * * * * * * * * * * * * * * * * * * * * * //


474
(
1
6
2
7
3
8
4
9
5
10
11
7
12
8
13
9
14
10
15
11
16
17
13
18
14
19
15
20
16
21
17
22
23
19
24
20
25
21
26
22
27
23
28
29
25
30
26
31
27
32
28
33
29
34
35
31
36
32
37
33
38
34
39
35
40
41
37
42
38
43
39
44
40
45
41
46
47
96
43
48
44
49
45
50
46
51
47
52
53
112
49
54
50
55
51
56
52
57
53
58
59
128
55
60
56
61
57
62
58
63
59
64
65
144
61
66
62
67
63
68
64
69
65
70
71
160
67
72
68
73
69
74
70
75
71
76
77
176
73
78
74
79
75
80
76
81
77
82
83
192
79
84
80
85
81
86
82
87
83
88
89
208
85
90
86
91
87
92
88
93
89
94
95
224
91
92
93
94
95
240
97
112
98
113
99
114
100
115
101
116
102
117
103
118
104
119
105
120
106
121
107
122
108
123
109
124
110
125
111
126
127
113
128
114
129
115
130
116
131
117
132
118
133
119
134
120
135
121
136
122
137
123
138
124
139
125
140
126
141
127
142
143
129
144
130
145
131
146
132
147
133
148
134
149
135
150
136
151
137
152
138
153
139
154
140
155
141
156
142
157
143
158
159
145
160
146
161
147
162
148
163
149
164
150
165
151
166
152
167
153
168
154
169
155
170
156
171
157
172
158
173
159
174
175
161
176
162
177
163
178
164
179
165
180
166
181
167
182
168
183
169
184
170
185
171
186
172
187
173
188
174
189
175
190
191
177
192
178
193
179
194
180
195
181
196
182
197
183
198
184
199
185
200
186
201
187
202
188
203
189
204
190
205
191
206
207
193
208
194
209
195
210
196
211
197
212
198
213
199
214
200
215
201
216
202
217
203
218
204
219
205
220
206
221
207
222
223
209
224
210
225
211
226
212
227
213
228
214
229
215
230
216
231
217
232
218
233
219
234
220
235
221
236
222
237
223
238
239
225
240
226
241
227
242
228
243
229
244
230
245
231
246
232
247
233
248
234
249
235
250
236
251
237
252
238
253
239
254
255
241
242
243
244
245
246
247
248
249
250
251
252
253
254
255
)


// ************************************************************************* //
