/*--------------------------------*- C++ -*----------------------------------*\
| =========                 |                                                 |
| \\      /  F ield         | OpenFOAM: The Open Source CFD Toolbox           |
|  \\    /   O peration     | Version:  v2012                                 |
|   \\  /    A nd           | Website:  www.openfoam.com                      |
|    \\/     M anipulation  |                                                 |
\*---------------------------------------------------------------------------*/
FoamFile
{
    version     2.0;
    format      ascii;
    class       vectorField;
    location    "constant/polyMesh";
    object      points;
}
// * * * * * * * * * * * * * * * * * * * * * * * * * * * * * * * * * * * * * //


590
(
(0 0 0)
(0.1666666667 0 0)
(0.3333333333 0 0)
(0.5 0 0)
(0.6666666667 0 0)
(0.8333333333 0 0)
(1 0 0)
(0 0.1666666667 0)
(0.1666666667 0.1666666667 0)
(0.3333333333 0.1666666667 0)
(0.5 0.1666666667 0)
(0.6666666667 0.1666666667 0)
(0.8333333333 0.1666666667 0)
(1 0.1666666667 0)
(0 0.3333333333 0)
(0.1666666667 0.3333333333 0)
(0.3333333333 0.3333333333 0)
(0.5 0.3333333333 0)
(0.6666666667 0.3333333333 0)
(0.8333333333 0.3333333333 0)
(1 0.3333333333 0)
(0 0.5 0)
(0.1666666667 0.5 0)
(0.3333333333 0.5 0)
(0.5 0.5 0)
(0.6666666667 0.5 0)
(0.8333333333 0.5 0)
(1 0.5 0)
(0 0.6666666667 0)
(0.1666666667 0.6666666667 0)
(0.3333333333 0.6666666667 0)
(0.5 0.6666666667 0)
(0.6666666667 0.6666666667 0)
(0.8333333333 0.6666666667 0)
(1 0.6666666667 0)
(0 0.8333333333 0)
(0.1666666667 0.8333333333 0)
(0.3333333333 0.8333333333 0)
(0.5 0.8333333333 0)
(0.6666666667 0.8333333333 0)
(0.8333333333 0.8333333333 0)
(1 0.8333333333 0)
(0 1 0)
(0.1666666667 1 0)
(0.3333333333 1 0)
(0.5 1 0)
(0.6666666667 1 0)
(0.8333333333 1 0)
(1 1 0)
(0 0 1)
(0.1666666667 0 1)
(0.3333333333 0 1)
(0.5 0 1)
(0.6666666667 0 1)
(0.8333333333 0 1)
(1 0 1)
(0 0.1666666667 1)
(0.1666666667 0.1666666667 1)
(0.3333333333 0.1666666667 1)
(0.5 0.1666666667 1)
(0.6666666667 0.1666666667 1)
(0.8333333333 0.1666666667 1)
(1 0.1666666667 1)
(0 0.3333333333 1)
(0.1666666667 0.3333333333 1)
(0.3333333333 0.3333333333 1)
(0.5 0.3333333333 1)
(0.6666666667 0.3333333333 1)
(0.8333333333 0.3333333333 1)
(1 0.3333333333 1)
(0 0.5 1)
(0.1666666667 0.5 1)
(0.3333333333 0.5 1)
(0.5 0.5 1)
(0.6666666667 0.5 1)
(0.8333333333 0.5 1)
(1 0.5 1)
(0 0.6666666667 1)
(0.1666666667 0.6666666667 1)
(0.3333333333 0.6666666667 1)
(0.5 0.6666666667 1)
(0.6666666667 0.6666666667 1)
(0.8333333333 0.6666666667 1)
(1 0.6666666667 1)
(0 0.8333333333 1)
(0.1666666667 0.8333333333 1)
(0.3333333333 0.8333333333 1)
(0.5 0.8333333333 1)
(0.6666666667 0.8333333333 1)
(0.8333333333 0.8333333333 1)
(1 0.8333333333 1)
(0 1 1)
(0.1666666667 1 1)
(0.3333333333 1 1)
(0.5 1 1)
(0.6666666667 1 1)
(0.8333333333 1 1)
(1 1 1)
(0 1.2 0)
(0.1666666667 1.2 0)
(0.3333333333 1.2 0)
(0.5 1.2 0)
(0.6666666667 1.2 0)
(0.8333333333 1.2 0)
(1 1.2 0)
(0 1.4 0)
(0.1666666667 1.4 0)
(0.3333333333 1.4 0)
(0.5 1.4 0)
(0.6666666667 1.4 0)
(0.8333333333 1.4 0)
(1 1.4 0)
(0 1.6 0)
(0.1666666667 1.6 0)
(0.3333333333 1.6 0)
(0.5 1.6 0)
(0.6666666667 1.6 0)
(0.8333333333 1.6 0)
(1 1.6 0)
(0 1.8 0)
(0.1666666667 1.8 0)
(0.3333333333 1.8 0)
(0.5 1.8 0)
(0.6666666667 1.8 0)
(0.8333333333 1.8 0)
(1 1.8 0)
(0 2 0)
(0.1666666667 2 0)
(0.3333333333 2 0)
(0.5 2 0)
(0.6666666667 2 0)
(0.8333333333 2 0)
(1 2 0)
(0 2.2 0)
(0.1666666667 2.2 0)
(0.3333333333 2.2 0)
(0.5 2.2 0)
(0.6666666667 2.2 0)
(0.8333333333 2.2 0)
(1 2.2 0)
(0 2.4 0)
(0.1666666667 2.4 0)
(0.3333333333 2.4 0)
(0.5 2.4 0)
(0.6666666667 2.4 0)
(0.8333333333 2.4 0)
(1 2.4 0)
(0 2.6 0)
(0.1666666667 2.6 0)
(0.3333333333 2.6 0)
(0.5 2.6 0)
(0.6666666667 2.6 0)
(0.8333333333 2.6 0)
(1 2.6 0)
(0 2.8 0)
(0.1666666667 2.8 0)
(0.3333333333 2.8 0)
(0.5 2.8 0)
(0.6666666667 2.8 0)
(0.8333333333 2.8 0)
(1 2.8 0)
(0 3 0)
(0.1666666667 3 0)
(0.3333333333 3 0)
(0.5 3 0)
(0.6666666667 3 0)
(0.8333333333 3 0)
(1 3 0)
(0 1.2 1)
(0.1666666667 1.2 1)
(0.3333333333 1.2 1)
(0.5 1.2 1)
(0.6666666667 1.2 1)
(0.8333333333 1.2 1)
(1 1.2 1)
(0 1.4 1)
(0.1666666667 1.4 1)
(0.3333333333 1.4 1)
(0.5 1.4 1)
(0.6666666667 1.4 1)
(0.8333333333 1.4 1)
(1 1.4 1)
(0 1.6 1)
(0.1666666667 1.6 1)
(0.3333333333 1.6 1)
(0.5 1.6 1)
(0.6666666667 1.6 1)
(0.8333333333 1.6 1)
(1 1.6 1)
(0 1.8 1)
(0.1666666667 1.8 1)
(0.3333333333 1.8 1)
(0.5 1.8 1)
(0.6666666667 1.8 1)
(0.8333333333 1.8 1)
(1 1.8 1)
(0 2 1)
(0.1666666667 2 1)
(0.3333333333 2 1)
(0.5 2 1)
(0.6666666667 2 1)
(0.8333333333 2 1)
(1 2 1)
(0 2.2 1)
(0.1666666667 2.2 1)
(0.3333333333 2.2 1)
(0.5 2.2 1)
(0.6666666667 2.2 1)
(0.8333333333 2.2 1)
(1 2.2 1)
(0 2.4 1)
(0.1666666667 2.4 1)
(0.3333333333 2.4 1)
(0.5 2.4 1)
(0.6666666667 2.4 1)
(0.8333333333 2.4 1)
(1 2.4 1)
(0 2.6 1)
(0.1666666667 2.6 1)
(0.3333333333 2.6 1)
(0.5 2.6 1)
(0.6666666667 2.6 1)
(0.8333333333 2.6 1)
(1 2.6 1)
(0 2.8 1)
(0.1666666667 2.8 1)
(0.3333333333 2.8 1)
(0.5 2.8 1)
(0.6666666667 2.8 1)
(0.8333333333 2.8 1)
(1 2.8 1)
(0 3 1)
(0.1666666667 3 1)
(0.3333333333 3 1)
(0.5 3 1)
(0.6666666667 3 1)
(0.8333333333 3 1)
(1 3 1)
(1.25 1 0)
(1.5 1 0)
(1.75 1 0)
(2 1 0)
(2.25 1 0)
(2.5 1 0)
(2.75 1 0)
(3 1 0)
(3.25 1 0)
(3.5 1 0)
(3.75 1 0)
(4 1 0)
(4.25 1 0)
(4.5 1 0)
(4.75 1 0)
(5 1 0)
(1.25 1.2 0)
(1.5 1.2 0)
(1.75 1.2 0)
(2 1.2 0)
(2.25 1.2 0)
(2.5 1.2 0)
(2.75 1.2 0)
(3 1.2 0)
(3.25 1.2 0)
(3.5 1.2 0)
(3.75 1.2 0)
(4 1.2 0)
(4.25 1.2 0)
(4.5 1.2 0)
(4.75 1.2 0)
(5 1.2 0)
(1.25 1.4 0)
(1.5 1.4 0)
(1.75 1.4 0)
(2 1.4 0)
(2.25 1.4 0)
(2.5 1.4 0)
(2.75 1.4 0)
(3 1.4 0)
(3.25 1.4 0)
(3.5 1.4 0)
(3.75 1.4 0)
(4 1.4 0)
(4.25 1.4 0)
(4.5 1.4 0)
(4.75 1.4 0)
(5 1.4 0)
(1.25 1.6 0)
(1.5 1.6 0)
(1.75 1.6 0)
(2 1.6 0)
(2.25 1.6 0)
(2.5 1.6 0)
(2.75 1.6 0)
(3 1.6 0)
(3.25 1.6 0)
(3.5 1.6 0)
(3.75 1.6 0)
(4 1.6 0)
(4.25 1.6 0)
(4.5 1.6 0)
(4.75 1.6 0)
(5 1.6 0)
(1.25 1.8 0)
(1.5 1.8 0)
(1.75 1.8 0)
(2 1.8 0)
(2.25 1.8 0)
(2.5 1.8 0)
(2.75 1.8 0)
(3 1.8 0)
(3.25 1.8 0)
(3.5 1.8 0)
(3.75 1.8 0)
(4 1.8 0)
(4.25 1.8 0)
(4.5 1.8 0)
(4.75 1.8 0)
(5 1.8 0)
(1.25 2 0)
(1.5 2 0)
(1.75 2 0)
(2 2 0)
(2.25 2 0)
(2.5 2 0)
(2.75 2 0)
(3 2 0)
(3.25 2 0)
(3.5 2 0)
(3.75 2 0)
(4 2 0)
(4.25 2 0)
(4.5 2 0)
(4.75 2 0)
(5 2 0)
(1.25 2.2 0)
(1.5 2.2 0)
(1.75 2.2 0)
(2 2.2 0)
(2.25 2.2 0)
(2.5 2.2 0)
(2.75 2.2 0)
(3 2.2 0)
(3.25 2.2 0)
(3.5 2.2 0)
(3.75 2.2 0)
(4 2.2 0)
(4.25 2.2 0)
(4.5 2.2 0)
(4.75 2.2 0)
(5 2.2 0)
(1.25 2.4 0)
(1.5 2.4 0)
(1.75 2.4 0)
(2 2.4 0)
(2.25 2.4 0)
(2.5 2.4 0)
(2.75 2.4 0)
(3 2.4 0)
(3.25 2.4 0)
(3.5 2.4 0)
(3.75 2.4 0)
(4 2.4 0)
(4.25 2.4 0)
(4.5 2.4 0)
(4.75 2.4 0)
(5 2.4 0)
(1.25 2.6 0)
(1.5 2.6 0)
(1.75 2.6 0)
(2 2.6 0)
(2.25 2.6 0)
(2.5 2.6 0)
(2.75 2.6 0)
(3 2.6 0)
(3.25 2.6 0)
(3.5 2.6 0)
(3.75 2.6 0)
(4 2.6 0)
(4.25 2.6 0)
(4.5 2.6 0)
(4.75 2.6 0)
(5 2.6 0)
(1.25 2.8 0)
(1.5 2.8 0)
(1.75 2.8 0)
(2 2.8 0)
(2.25 2.8 0)
(2.5 2.8 0)
(2.75 2.8 0)
(3 2.8 0)
(3.25 2.8 0)
(3.5 2.8 0)
(3.75 2.8 0)
(4 2.8 0)
(4.25 2.8 0)
(4.5 2.8 0)
(4.75 2.8 0)
(5 2.8 0)
(1.25 3 0)
(1.5 3 0)
(1.75 3 0)
(2 3 0)
(2.25 3 0)
(2.5 3 0)
(2.75 3 0)
(3 3 0)
(3.25 3 0)
(3.5 3 0)
(3.75 3 0)
(4 3 0)
(4.25 3 0)
(4.5 3 0)
(4.75 3 0)
(5 3 0)
(1.25 1 1)
(1.5 1 1)
(1.75 1 1)
(2 1 1)
(2.25 1 1)
(2.5 1 1)
(2.75 1 1)
(3 1 1)
(3.25 1 1)
(3.5 1 1)
(3.75 1 1)
(4 1 1)
(4.25 1 1)
(4.5 1 1)
(4.75 1 1)
(5 1 1)
(1.25 1.2 1)
(1.5 1.2 1)
(1.75 1.2 1)
(2 1.2 1)
(2.25 1.2 1)
(2.5 1.2 1)
(2.75 1.2 1)
(3 1.2 1)
(3.25 1.2 1)
(3.5 1.2 1)
(3.75 1.2 1)
(4 1.2 1)
(4.25 1.2 1)
(4.5 1.2 1)
(4.75 1.2 1)
(5 1.2 1)
(1.25 1.4 1)
(1.5 1.4 1)
(1.75 1.4 1)
(2 1.4 1)
(2.25 1.4 1)
(2.5 1.4 1)
(2.75 1.4 1)
(3 1.4 1)
(3.25 1.4 1)
(3.5 1.4 1)
(3.75 1.4 1)
(4 1.4 1)
(4.25 1.4 1)
(4.5 1.4 1)
(4.75 1.4 1)
(5 1.4 1)
(1.25 1.6 1)
(1.5 1.6 1)
(1.75 1.6 1)
(2 1.6 1)
(2.25 1.6 1)
(2.5 1.6 1)
(2.75 1.6 1)
(3 1.6 1)
(3.25 1.6 1)
(3.5 1.6 1)
(3.75 1.6 1)
(4 1.6 1)
(4.25 1.6 1)
(4.5 1.6 1)
(4.75 1.6 1)
(5 1.6 1)
(1.25 1.8 1)
(1.5 1.8 1)
(1.75 1.8 1)
(2 1.8 1)
(2.25 1.8 1)
(2.5 1.8 1)
(2.75 1.8 1)
(3 1.8 1)
(3.25 1.8 1)
(3.5 1.8 1)
(3.75 1.8 1)
(4 1.8 1)
(4.25 1.8 1)
(4.5 1.8 1)
(4.75 1.8 1)
(5 1.8 1)
(1.25 2 1)
(1.5 2 1)
(1.75 2 1)
(2 2 1)
(2.25 2 1)
(2.5 2 1)
(2.75 2 1)
(3 2 1)
(3.25 2 1)
(3.5 2 1)
(3.75 2 1)
(4 2 1)
(4.25 2 1)
(4.5 2 1)
(4.75 2 1)
(5 2 1)
(1.25 2.2 1)
(1.5 2.2 1)
(1.75 2.2 1)
(2 2.2 1)
(2.25 2.2 1)
(2.5 2.2 1)
(2.75 2.2 1)
(3 2.2 1)
(3.25 2.2 1)
(3.5 2.2 1)
(3.75 2.2 1)
(4 2.2 1)
(4.25 2.2 1)
(4.5 2.2 1)
(4.75 2.2 1)
(5 2.2 1)
(1.25 2.4 1)
(1.5 2.4 1)
(1.75 2.4 1)
(2 2.4 1)
(2.25 2.4 1)
(2.5 2.4 1)
(2.75 2.4 1)
(3 2.4 1)
(3.25 2.4 1)
(3.5 2.4 1)
(3.75 2.4 1)
(4 2.4 1)
(4.25 2.4 1)
(4.5 2.4 1)
(4.75 2.4 1)
(5 2.4 1)
(1.25 2.6 1)
(1.5 2.6 1)
(1.75 2.6 1)
(2 2.6 1)
(2.25 2.6 1)
(2.5 2.6 1)
(2.75 2.6 1)
(3 2.6 1)
(3.25 2.6 1)
(3.5 2.6 1)
(3.75 2.6 1)
(4 2.6 1)
(4.25 2.6 1)
(4.5 2.6 1)
(4.75 2.6 1)
(5 2.6 1)
(1.25 2.8 1)
(1.5 2.8 1)
(1.75 2.8 1)
(2 2.8 1)
(2.25 2.8 1)
(2.5 2.8 1)
(2.75 2.8 1)
(3 2.8 1)
(3.25 2.8 1)
(3.5 2.8 1)
(3.75 2.8 1)
(4 2.8 1)
(4.25 2.8 1)
(4.5 2.8 1)
(4.75 2.8 1)
(5 2.8 1)
(1.25 3 1)
(1.5 3 1)
(1.75 3 1)
(2 3 1)
(2.25 3 1)
(2.5 3 1)
(2.75 3 1)
(3 3 1)
(3.25 3 1)
(3.5 3 1)
(3.75 3 1)
(4 3 1)
(4.25 3 1)
(4.5 3 1)
(4.75 3 1)
(5 3 1)
)


// ************************************************************************* //
